-20		15
-16 	15
-12 	15
-8 		15
-4 		15
0 		15
4 		15
8 		15
12 		15
16 		15

-20		14
-16 	14
-12 	14
-8 		14
-4 		14
0 		14
4 		14
8 		14
12 		14
16 		14

-20		13
-16 	13
-12 	13
-8 		13
-4 		13
0 		13
4 		13
8 		13
12 		13
16 		13

-20 	12
-16 	12
-12 	12
-8 		12
-4 		12
0 		12
4 		12
8 		12
12 		12
16 		12

-20 	11
-16 	11
-12 	11
-8 		11
-4 		11
0 		11
4 		11
8 		11
12 		11
16 		11

-20 	10
-16 	10
-12 	10
-8 		10
-4 		10
0 		10
4 		10
8 		10
12 		10
16 		10

-20 	9
-16 	9
-12 	9
-8 		9
-4 		9
0 		9
4 		9
8 		9
12 		9
16 		9

-20 	8
-16 	8
-12 	8
-8 		8
-4 		8
0 		8
4 		8
8 		8
12 		8
16 		8